2 digits
0 (1)	= 0 + 0
1 (2)	= 1 + 0 || 0 + 1
2 (3)	= 2 + 0 || 1 + 1 || 0 + 2
3 (4)	= 3 + 0 || 2 + 1 || 1 + 2 || 0 + 3
4 (5)	= 4 + 0 || 3 + 1 || 2 + 2 || 1 + 3 || 0 + 4
5 (6)	= 5 + 0 || 4 + 1 || 3 + 2 || 2 + 3 || 1 + 4 || 5 + 0
6 (7)
7 (8)
8 (9)
9 (10)	= 9 + 0 || 8 + 1 || 7 + 2 || 6 + 3 || 5 + 4 || 4 + 5 || 3 + 6 || 2 + 7 || 1 + 8 || 0 + 9
10 (9)	= 9 + 1 || 8 + 2 || 7 + 3 || 6 + 4 || 5 + 5 || 4 + 6 || 3 + 7 || 2 + 8 || 1 + 9
11 (8)	= 9 + 2 || 8 + 3 || 7 + 4 || 6 + 5 || 5 + 6 || 4 + 7 || 3 + 8 || 2 + 9
12 (7)	= 9 + 3 || 8 + 4 || 7 + 5 || 6 + 6 || 5 + 7 || 4 + 8 || 3 + 9
13 (6)
14 (5)
15 (4)
16 (3)
17 (2) = 9 + 8 || 8 + 9
18 (1) = 9 + 9

there are n+1 ways to add up n given 2 digits

3 digits = (1|0) || (n - 1, 3) + (n, 2)
0 (1) 	= 0 0 0
1 (3) 	= 1 0 0 || 0 1 0 || 0 0 1
		= 1 (0,2) + 0 (1,2)
2 (6) 	= 2 0 0 || 1 1 0 || 1 0 1 || 0 2 0 || 0 1 1 || 0 0 2
		= 2 (0,2) + 1 (1,2) + 0 (2,2)
		= 1 + 2 + 3
		= 6
3 (10)	= 3 0 0 || 2 1 0 || 2 0 1 || 1 2 0 || 1 1 1 || 1 0 2 || 0 3 0 || 0 2 1 || 0 1 2 || 0 0 3
		= 3 (0,2) || 2 (1,2) || 1 (2,2) || 0 (3,2)
		= 0+1 + 1+1 + 2+1 + 3+1
		= 10 = 2 * 5
4 (15)	= 4 0 0 || 3 1 0 || 3 0 1 || 2 2 0 || 2 1 1 || 2 0 2 || 1 3 0 || 1 2 1 || 1 1 2 || 1 0 3 || 0 4 0 || 0 3 1 || 0 2 2 || 0 1 3 || 0 0 4
		= 4 (0,2) || 3 (1,2) || 2 (2,2) || 1 (3,2) || 0 (4,2)
		= 1 + 2 + 3 + 4 + 5
		= 15 = 5 * 3
5 (21)	= 5 (0,2) || 4 (1,2) || 3 (2,2) || 2 (3,2) || 1 (4,2) || 0 (5,2)
		= 1 + 2 + 3 + 4 + 5 + 6
		= 21 = 7 * 3
6 (28)	= (5,3) + (6,2)
		= 21 + 7
		= 28 = 7 * 4
7 (36)	= 12 * 3
8 (45)	= (7,3) + (8,2)
		= 36 + 9 = 45
9 (55)	= (8,3) + (9,2)
		= 9 (0,2) || 8 (1,2) || 7 (2,2) || 6 (3,2) || 5 (4,2) || 4 (5,2) || 3 (6,2) || 2 (7,2) || 1 (8,2) || 0 (9,2)
		= 1 + 2 + 3 + 4 + 5 + 6 + 7 + 8 + 9 + 10
		= 45 + 10
10 (63)	= 9 (1,2) || 8 (2,2) || 7 3,2 || 6 4,2 || 5 5,2 || 4 6,2 || 3 7,2 || 2 8,2 || 1 9,2 || 0 10,2
		= 2 + 3 + 4 + 5 + 6 + 7 + 8 + 9 + 10 + 9
		= 63 = (9,3) - (0,2) + (10,2)
11 (69)	= 9 2,2 || 8 3,2 || 7 4,2 || 6 5,2 || 5 6,2 || 4 7,2 || 3 8,2 || 2 9,2 || 1 10,2 || 0 11,2
		= 3 + 4 + 5 + 6 + 7 + 8 + 9 + 10 + 9 + 8
		= 69
12 (73)	= 11,3 - 2,2 + 12,2 = 69 - 3 + 7 = 73
		= 9 3,2 || 8 4,2 || 7 5,2 || 6 6,2 || 5 7,2 || 4 8,2 || 3 9,2 || 2 10,2 || 1 11,2 || 0 12,2
		= 4 + 5 + 6 + 7 + 8 + 9 + 10 + 9 + 8 + 7
13 (75)	= 12,3 - 3,2 + 13,2 = 73 - 4 + 6 = 75
14 (75)	= 13,3 - 4,2 + 14,2 = 75 - 5 + 5 = 75
15 (73) = 14,3 - 5,2 + 15,2 = 75 - 6 + 4 = 75 - 2 = 75 - 1,2 = 74
		= 9 (6,2) || 8 (7,2) || 7 (8,2) || 6 (9,2) || 5 (10,2) || 4 (11,2) || 3 (12,2) || 2 (13,2) || 1 (14,2) || 0 (15,2)
		= 7 + 8 + 9 + 10 + 9 + 8 + 7 + 6 + 5 + 4
16 (69) = 15,3 - 6,2 + 16,2
17 (63)	= 16,3 - 7,2 + 17,2
18 (55)	= 17,3 - 8,2 + 18,2
19 (45)	= 9 10,2 || 8 11,2 || 7 (12,2) || 6 (13,2) || 5 (14,2) || 4 (15,2) || 3 (16,2) || 2 (17,2) || 1 (18,2)
		= 9 + 8 + 7 + 6 + 5 + 4 + 3 + 2 + 1 = 45
...
26 (3)	= 9 (17,2) || 8 (18,2)
		= 2 + 1 = 3 = 25,3 - 16,2
27 (1)	= 9 (18,2) = 26,3 - 17,2
		
4 digits
0 (1)	= 0 0 0 0
1 (4)	= 1 0 0 0 || 0 1 0 0 || 0 0 1 0 || 0 0 0 1
2 (10)	= 2 0 0 0 || 1 1 0 0 || 1 0 1 0 || 1 0 0 1 || 0 2 0 0 || 0 1 1 0 || 0 1 0 1 || 0 0 2 0 || 0 0 1 1 || 0 0 0 2
		= (0,3) + (1,3) + (2,3)
		= 1 + 3 + 6
		= 10 = 2 * 5
3 (20)	= (0,3) + (1,3) + (2,3) + (3,3)
		= 1 + 3 + 6 + 10
		= 20 = 5 * 4
4 (35)	= (0,3) + (1,3) + (2,3) + (3,3) + (4,3) = (3,4) + (4,3)
		= 20 + 15
		= 35 = 5 * 7
5 (56)	= (4,4) + (5,3)
		= 35 + 21
		= 56 = 8 * 7
6 (84)	= 12 * 7
7 (120)	= (6,4) + (7,3) = 84 + 36
8 (165)	= (7,4) + (8,3) = 120 + 45
9 ()	= (8,4) + (9,3)
10 ()	= (9,4) + (10,3) - (0,3)
..

Tickets that can contain the number n over k digits:
k = 2, n = 2
	Halves available: 20, 02, 11 = 3
	Tickets:2020, 2002, 2011, 
			0220, 0202, 0211, 
			1120, 1102, 1111 = 9
k = 2, n = 3
	Halves: 30, 21, 12, 03 = 4
	Tickets:3030, 3021, 3012, 3003, 
			2130, 2121, 2112, 2103, 
			1230, 1221, 1212, 1203, 
			0330, 0321, 0312, 0303 = 16
			
k = 3, n = 2
	Halves: 200, 110, 101, 020, 011, 002 = 6
	Tickets:
			200200, 200110, 200101, 200020, 200011, 200002
			110200, ...
			101200, ...
			020200, ...
			011200, ...
			002200, 002110, 002101, 002020, 002011, 002002 = 6*6 = 36