91,92,93,94,95,96,97,98;57,58,59,60,61
20,25,36,45,89;25,36,77,88,98
98,99,100,101,102,103,104,105;68,69,70,71,72,73,74,75
86,87,88,89,90,91,92,93,94,95,96;91,92,93,94,95,96,97,98
9,10,11;11,12,13
57,58,59,60,61,62,63,64;90,91,92,93,94
60,61,62,63,64,65,66,67,68,69,70,71,72,73,74;81,82,83,84,85,86,87,88
73,74,75,76,77,78,79,80,81,82,83,84,85,86,87;84,85,86,87,88,89,90,91,92
85,86,87,88,89,90,91,92,93,94,95,96,97,98;61,62,63,64,65,66,67,68,69,70,71,72,73,74,75
74,75,76,77,78;74,75,76,77,78,79,80,81
55,56,57,58,59,60,61,62,63;73,74,75,76,77,78,79,80,81,82,83,84,85,86
50,51,52,53,54,55,56,57,58,59,60,61,62,63;86,87,88,89,90,91,92,93,94,95,96,97
9,10,11;33,34,35
94,95,96,97,98,99,100,101,102,103;55,56,57,58,59,60,61,62,63,64,65,66,67,68
63,64,65,66,67,68,69,70,71,72,73,74,75,76;79,80,81,82,83,84,85,86,87,88,89,90,91,92
68,69,70,71,72,73,74,75,76,77;73,74,75,76,77,78,79,80,81,82,83
64,65,66,67,68,69,70,71,72,73;80,81,82,83,84,85,86,87,88,89,90,91,92,93,94
54,55,56,57,58,59,60;54,55,56,57,58,59,60,61,62,63,64,65,66
1,2,3,4;3,4,5,6
77,78,79,80,81,82,83,84,85,86,87,88,89,90,91;70,71,72,73,74,75,76,77,78,79,80,81,82