-6.932 62.932 16.678 -5.336 -11.826 96.055 81.181 86.775 -9.120 74.726 -43.148 -12.202 80.056 59.988 -96.114 -56.158 80.556 64.464 -7.087
-62.332 60.646 99.015 -92.026 -89.854 45.944 -62.675 -92.144 -24.097 65.191 94.318 -78.690 -11.955 38.507 -64.591 34.816 66.588 -11.457 -74.613 100.209
68.989 96.316 -95.192 53.349 -5.484 36.492 12.077 62.080 -91.913 -7.434
9.408 54.067 67.174 -7.442 80.654 -26.429 25.136 -47.871 13.647 76.399 -83.398 -78.821 -27.470 -34.089 25.335 -66.899 84.367
-86.385 41.390 91.456 -37.448 -23.305 -50.237 85.548 65.685 3.053 -15.095 -48.771 24.995 3.596 52.056 -10.926 -30.287 -7.984 2.648 31.010
28.222 -67.101 -93.032 -7.674 88.455 -11.201 15.081 -80.655 -67.856 94.952 23.722 44.892 31.381 -31.403 -59.198 -44.610 -85.256 -2.168 -87.771 51.858
62.594 14.643 87.526 71.375 70.634 -31.609 13.507 -97.874 -70.654 -16.980 97.514 -99.579 55.134 -85.436 3.971 -82.366 95.822 -43.120 52.997
94.107 -33.711 85.891 -100.552 52.901 67.089 -58.800 53.959 -46.581 -1.040 2.152 -27.132 57.735 42.933 -89.582 56.750 19.813 -61.857 -52.806 5.210
24.738 31.098 99.849 45.619 3.130 82.916 24.335 42.717 -44.122 32.790 -89.297 -86.906 -65.009 34.078 -53.722 -78.746 -39.406
-97.826 59.039 -70.229 -20.575 91.536 -78.912 9.774 -6.077 78.500 -45.523
45.495 -83.433 24.034 0.316 -77.613 -54.953 -27.190 97.718 -81.163 69.228 47.096 99.590 30.468 20.242 46.630 -25.109 -96.015
91.584 -77.181 -14.005 -62.236 68.252 -59.496 -63.109 -48.763 86.188 -46.543 99.519 53.642 6.235 7.483 -4.369 53.760 -20.186 -12.189 98.533 -33.871
37.739 66.387 -11.397 74.766 -40.807 81.600 -13.722 50.681 4.223 -84.350 -53.649 39.870
-11.969 76.395 -45.904 -48.613 -95.196 29.083 76.644 -49.009 30.924 60.332 59.760
-52.081 -7.260 -72.160 -24.261 58.451 66.412 90.864 36.614 47.473 22.217 -46.743 25.279 -6.639 -72.212 -94.487
62.027 51.604 60.748 -16.380 -77.513 -95.631 -68.612 9.720 -98.398 5.447 92.081 -35.541 -95.465 -60.528 75.726 87.427 37.265
-11.711 -13.283 15.907 -73.400 38.901 96.004 -24.008 67.218 21.798 -5.019 -24.921 85.746 -22.991 -3.669 52.007
-99.643 -0.225 86.411 42.185 -4.811 -53.797 94.751 19.514 47.759 -48.297
59.382 23.955 -65.883 25.547 30.348 -12.940 47.456 41.430 92.578 70.984 70.896 -85.555 59.890 30.590
-57.005 72.325 3.551 70.293 -78.864 -31.420 -43.143 -15.908 -41.450 70.393 55.400 -96.905 -64.171 30.378 -6.612 38.358 -59.196 -35.998